10878977
10878978
10878979
10878981
10878986
10878987
10878988
10878989
10878990
10878991
10878992
10878995
10878996
10878997
10879000
10879001
10879005
10879006
10879007
10879008
10879009
10879010
10879011
10879012
10879013
10879014
10879015
10879021
10879022
10879023
10879024
10879025
10879026
10879027
10879028
10879029
10879030
10879031
10879032
10879033
10879034
10879035
10879036
10879037
10879038
10879039
10879041
10879042
10879043
10879044
10879045
10879046
10879047
10879048
10879049
10879050
10879051
10879052
10879053
10879054
10879077
10879081
10879086
10879087
10879088
10879089
10879090
10879091
10879092
10879095
10879096
10879107
10879109
10879111
10879113
10879114
10879115
10879122
10879124
10879129
10879130
10879132
10879138
10879156
10879158
10879159
10879161
10879162
10879164
10879165
10879167
10879170
10879172
10879173
10879174
10879176
10879178
10879180
10879181
10879186
10879188
10879190
10879196
10879197
10879217
10879219
10944553
10944653
10944655
10944657
10944659
10944661
10944743
10944745
10944747
10944749
10944751
10944912
11010049
11010050
11010051
11010052
11010053
11010054
11010055
11010056
11010057
11010058
11010059
11010060
11010061
11010062
11010063
11010064
11010065
11010066
11010067
11010068
11010070
11010071
11010072
11010073
11010074
11010075
11010076
11010077
11010078
11010079
11010080
11010081
11010082
11010083
11010084
11010085
11010086
11010087
11010088
11010089
11010090
11010091
11010092
11010093
11010094
11010095
11010096
11010097
11010098
11010099
11010100
11010101
11010102
11010103
11010104
11010105
11010106
11010107
11010108
11010109
11010110
11010111
11010113
11010114
11010115
11010117
11010118
11010121
11010122
11010123
11010124
11010125
11010126
11010127
11010129
11010130
11010131
11010132
11010133
11010134
11010135
11010137
11010138
11010139
11010140
11010141
11010145
11010146
11010147
11010148
11010149
11010248
11010249
11010250
11010448
11010449
11010450
11010451
11010498
11010499
11010648
11010650
11010652
11010654
11010656
11010658
11010660
11010748
11010750
11010751
11010752
11010754
11010755
11010757
11010798
11010800
11010802
11010804
11010806
11010807
11011148
11011149
11011150
11142020
11337729
11337731
11337733
11337735
11337738
15663105
15663106
15663107
15663108
15663109
15663110
15663111
15663112
15663113
15663114
15663115
15663116
15663117
15663119
15663120
15663124
15663126
15663143
15663203
15663408
15663608
15663611
15663705
15663706
15663707
15663709
15663710
15663711
15663712
15663713
15663714
15663715
15663804
15664105
15664106
15664107
15664108
15664109
