10878977
10878978
10878979
10878981
10878986
10878987
10878988
10878989
10878990
10878991
10878992
10878995
10878996
10878997
10879000
10879001
10879005
10879006
10879007
10879008
10879009
10879010
10879011
10879012
10879013
10879014
10879015
10879021
10879022
10879023
10879024
10879025
10879026
10879027
10879028
10879029
10879030
10879031
10879032
10879033
10879034
10879035
10879036
10879037
10879038
10879039
10879041
10879042
10879043
10879044
10879045
10879046
10879047
10879048
10879049
10879050
10879051
10879052
10879053
10879054
10879077
10879081
10879086
10879087
10879088
10879089
10879090
10879091
10879092
10879095
10879096
10879107
10879109
10879111
10879113
10879114
10879115
10879122
10879124
10879129
10879130
10879132
10879138
10879156
10879159
10879161
10879162
10879164
10879165
10879166
10879167
10879168
10879170
10879172
10879173
10879174
10879176
10879178
10879180
10879181
10879186
10879188
10879190
10879196
10879197
10879217
10879219
10944643
10944645
10944651
10944653
10944655
10944659
10944912
11010250
11010449
11010450
11010499
11010650
11010652
11010656
11010660
11010748
11010750
11010752
11010758
11010798
11010800
11010804
11010806
11011148
11011150
11075686
11075687
11075696
11075697
11075706
11075707
11075716
11075717
11075726
11075727
11075736
11075737
11075744
11075764
11075774
11075794
11075804
11075824
11075834
11075844
11075854
11075864
11075874
11075884
11075894
11075904
11075914
11075954
11075984
11075994
11076004
11076015
11076016
11076034
11076044
11076064
11076084
11076094
11076104
11076114
11076124
11076134
11076154
11076164
11076174
11076184
11076194
11076204
11076214
11076224
11076234
11076284
11076294
11076304
11076305
11337733
11337735
52429800
52429900
52429901
52429902
52429903
52429904
52429905
52430000
52430001
52430100
52430200
52430201
52430202
52430300
52430400
52430401
52430402
52438799
65991
66003
66541
66547
68407
68409
68411
68413
68415
68417
68419
68420
68485
68487
68489
68491
68492
68493
68499
68500
68501
68502
68507
68509
68511
68513
68514
68515
71319
71320
71321
71323
71325
71327
71329
71331
71333
71335
71337
71339
71341
71343
71345
71347
71349
71351
71353
71355
71357
71359
71361
71363
71365
71366
71367
71369
71371
71373
71375
71377
71379
71381
71383
71385
71387
71389
71391
71393
71395
71397
71399
71401
71403
71405
71407
71409
71411
71413
71415
71417
71419
71421
71423
71425
71427
71429
71431
71433
71435
71437
71439
71441
71443
71445
71447
71449
71451
71453
71455
71457
71459
71461
71463
71465
71467
71469
71471
71473
71475
71477
71479
71481
71483
75583
75585
75587
75589
75591
75593
75595
75597
75599
75601
75603
75605
75607
75609
75611
75613
75615
75617
75619
75621
75623
75625
75627
75629
75631
75633
75635
75637
75639
75641
75643
75645
75647
75649
75651
75811
76379
76380
76381
76382
76383
76384
76385
76386
76387
76388
76389
76390
76391
76392
78627
78628
81729
81730
81731
81735
81739
81741
81743
81747
81749
81750
81751
81753
81755
81757
81759
81761
81763
81765
81766
81767
81769
81771
81772
81775
81777
81781
81783
81785
81787
81791
81793
81795
81797
81801
81803
81805
81806
81807
81808
81809
81811
81813
81815
81817
81819
81821
81822
82493
82495
82497
82499
82501
82503
82505
82507
82509
82511
82533
82535
82537
82539
9175144
9175146
9175323
9175487
9175643
9176113
9176320
9177108
9178146
9181340
9181347
9181354
9181362
9181363
9191081
9196543
9202581
9203551
9203616
9250569
9250570
9250571
9250572
9250573
9250575
9250676
9250677
9250679
9250680
9250685
9250686
9250687
9250689
9250691
9250883
9250884
9250888
9250889
9250890
9250892
9250899
9250900
9250976
9250977
9250986
9251029
