10944644
10944646
10944647
10944648
10944649
10944650
10944652
11075684
11075685
11075694
11075695
11075704
11075705
11075714
11075715
11075724
11075725
11075734
11075735
11075742
11075754
11075784
11075814
11075924
11075934
11075944
11075964
11075974
11076014
11076024
11076054
11076074
11076144
11076306
11076344
11076345
11076684
11076685
11076686
11076687
11076694
11076695
11076696
11076697
11076704
11076705
11076706
11076707
11076714
11076715
11076716
11076717
11076724
11076725
11076726
11076727
11076734
11076735
11076736
11076737
11076744
11076754
11076764
11076774
11076784
11076794
11076804
11076814
11076824
11076834
11076854
11076864
11076874
11076884
11076894
11076914
11076924
11076934
11076944
11076954
11076984
11076994
11077004
11077014
11077015
11077016
11077024
11077034
11077044
11077054
11077084
11077094
11077104
11077114
11077124
11077134
11077144
11077154
11077164
11077174
11077184
11077214
11077224
11077234
11077344
