10879158
10944643
10944644
10944645
10944646
10944647
10944648
10944649
10944650
10944651
10944652
11010049
11010050
11010051
11010052
11010053
11010054
11010055
11010056
11010057
11010058
11010059
11010060
11010061
11010062
11010063
11010064
11010065
11010066
11010067
11010068
11010070
11010071
11010072
11010073
11010074
11010075
11010076
11010077
11010078
11010079
11010080
11010081
11010082
11010083
11010084
11010085
11010086
11010087
11010088
11010089
11010090
11010091
11010092
11010093
11010094
11010095
11010096
11010097
11010098
11010099
11010100
11010101
11010102
11010103
11010104
11010105
11010106
11010107
11010108
11010109
11010110
11010111
11010113
11010114
11010115
11010117
11010118
11010121
11010122
11010123
11010124
11010125
11010126
11010127
11010129
11010130
11010131
11010132
11010133
11010134
11010135
11010137
11010138
11010139
11010140
11010141
11010145
11010146
11010147
11010148
11010149
11010755
11075684
11075685
11075686
11075687
11075694
11075695
11075696
11075697
11075704
11075705
11075706
11075707
11075714
11075715
11075716
11075717
11075724
11075725
11075726
11075727
11075734
11075735
11075736
11075737
11075742
11075744
11075754
11075764
11075774
11075784
11075794
11075804
11075814
11075824
11075834
11075844
11075854
11075864
11075874
11075884
11075894
11075904
11075914
11075924
11075934
11075944
11075954
11075964
11075974
11075984
11075994
11076004
11076014
11076015
11076016
11076024
11076034
11076044
11076054
11076064
11076074
11076084
11076094
11076104
11076114
11076124
11076134
11076144
11076154
11076164
11076174
11076184
11076194
11076204
11076214
11076224
11076234
11076284
11076294
11076304
11076305
11076306
11076344
11076345
11076684
11076685
11076686
11076687
11076694
11076695
11076696
11076697
11076704
11076705
11076706
11076707
11076714
11076715
11076716
11076717
11076724
11076725
11076726
11076727
11076734
11076735
11076736
11076737
11076744
11076754
11076764
11076774
11076784
11076794
11076804
11076814
11076824
11076834
11076854
11076864
11076874
11076884
11076894
11076914
11076924
11076934
11076944
11076954
11076984
11076994
11077004
11077014
11077015
11077016
11077024
11077034
11077044
11077054
11077084
11077094
11077104
11077114
11077124
11077134
11077144
11077154
11077164
11077174
11077184
11077214
11077224
11077234
11077344
52438799
