65991
66003
66541
66547
68407
68409
68411
68413
68415
68417
68419
68420
68485
68487
68489
68491
68492
68493
68499
68500
68501
68502
68507
68509
68511
68513
68514
68515
71319
71320
71321
71323
71325
71327
71329
71331
71333
71335
71337
71339
71341
71343
71345
71347
71349
71351
71353
71355
71357
71359
71361
71363
71365
71366
71367
71369
71371
71373
71375
71377
71379
71381
71383
71385
71387
71389
71391
71393
71395
71397
71399
71401
71403
71405
71407
71409
71411
71413
71415
71417
71419
71421
71423
71425
71427
71429
71431
71433
71435
71437
71439
71441
71443
71445
71447
71449
71451
71453
71455
71457
71459
71461
71463
71465
71467
71469
71471
71473
71475
71477
71479
71481
71483
75583
75585
75587
75589
75591
75593
75595
75597
75599
75601
75603
75605
75607
75609
75611
75613
75615
75617
75619
75621
75623
75625
75627
75629
75631
75633
75635
75637
75639
75641
75643
75645
75647
75649
75651
75811
76379
76380
76381
76382
76383
76384
76385
76386
76387
76388
76389
76390
76391
76392
78627
78628
81729
81730
81731
81735
81739
81741
81743
81747
81749
81750
81751
81753
81755
81757
81759
81761
81763
81765
81766
81767
81769
81771
81772
81775
81777
81781
81783
81785
81787
81791
81793
81795
81797
81801
81803
81805
81806
81807
81808
81809
81811
81813
81815
81817
81819
81821
81822
82493
82495
82497
82499
82501
82503
82505
82507
82509
82511
82533
82535
82537
82539
