
 11010749 
 9187554 
 9250678 
 9250681 
 9250682 
 9250683 
 9250684 
 9250688 
 9250690 
 9250692 
 9250878 
 9250879 
 9250880 
 9250881 
 9250882 
 9250885 
 9250886 
 9250887 
 9250891 
 9250893 
 9250896 
 9250897 
 9250898 
 9250901 
 9251026 
 9251027 
 9251028 
 9251030 
 9251031 
 9251032 
 9260576 
 10879143 
 10879144 
 10879145 
 10879146 
 10879147 
 10879148 
 10879149 
 10879150 
 10879151 
 10879152 
 10879153 
 10879154 
 10879157 
 10879160 
 10879163 
 10879169 
 10879171 
 10879175 
 10879179 
 10879182 
 10879187 
 10879189 
 10879191 
 10879218 
 10879220 
 10879226 
 10879227 
 10879236 
 10879237 
 10879238 
 10944553 
 10944554 
 10944644 
 10944646 
 10944647 
 10944648 
 10944649 
 10944650 
 10944652 
 10944654 
 10944656 
 10944657 
 10944658 
 10944660 
 10944661 
 10944662 
 10944913 
 11010248 
 11010249 
 11010251 
 11010448 
 11010451 
 11010452 
 11010453 
 11010498 
 11010508 
 11010509 
 11010648 
 11010649 
 11010651 
 11010653 
 11010654 
 11010655 
 11010657 
 11010658 
 11010661 

 11010751 
 11010753 
 11010754 
 11010756 
 11010757 
 11010759 
 11010799 
 11010801 
 11010802 
 11010803 
 11010805 
 11010807 
 11011149 
 11011151 
 11075684 
 11075685 
 11075694 
 11075695 
 11075704 
 11075705 
 11075714 
 11075715 
 11075724 
 11075725 
 11075734 
 11075735 
 11075754 
 11075784 
 11075814 
 11075924 
 11075934 
 11075944 
 11075964 
 11075974 
 11076014 
 11076024 
 11076054 
 11076074 
 11076144 
 11076306 
 11076344 
 11076345 
 11076684 
 11076685 
 11076686 
 11076687 
 11076694 
 11076695 
 11076696 
 11076697 
 11076704 
 11076705 
 11076706 
 11076707 
 11076714 
 11076715 
 11076716 
 11076717 
 11076724 
 11076725 
 11076726 
 11076727 
 11076734 
 11076735 
 11076736 
 11076737 
 11076744 
 11076754 
 11076764 
 11076774 
 11076784 
 11076794 
 11076804 
 11076814 
 11076824 
 11076834 
 11076854 
 11076864 
 11076874 
 11076884 
 11076894 
 11076914 
 11076924 
 11076934 
 11076944 
 11076954 
 11076984 
 11076994 
 11077004 
 11077014 
 11077015 
 11077016 
 11077024 
 11077034 
 11077044 
 11077054 
 11077084 
 11077094 
 11077104 
 11077114 
 11077124 
 11077134 
 11077144 
 11077154 
 11077164 
 11077174 
 11077184 
 11077214 
 11077224 
 11077234 
 11077344 
 11142020 
 11337729 
 11337730 
 11337731 
 11337732 
 11337734 
 11337736 
 11337737 
 11337738 

