 9187554 
 9250569 
 9250570 
 9250571 
 9250572 
 9250573 
 9250575 
 9250676 
 9250677 
 9250678 
 9250679 
 9250680 
 9250681 
 9250682 
 9250683 
 9250684 
 9250685 
 9250686 
 9250687 
 9250688 
 9250689 
 9250690 
 9250691 
 9250692 
 9250878 
 9250879 
 9250880 
 9250881 
 9250882 
 9250883 
 9250884 
 9250885 
 9250886 
 9250887 
 9250888 
 9250889 
 9250890 
 9250891 
 9250892 
 9250893 
 9250896 
 9250897 
 9250898 
 9250899 
 9250900 
 9250901 
 9250976 
 9250977 
 9250986 
 9251026 
 9251027 
 9251028 
 9251029 
 9251030 
 9251031 
 9251032 
 9260576 
 10878977 
 10878978 
 10878979 
 10878981 
 10878986 
 10878987 
 10878988 
 10878989 
 10878990 
 10878991 
 10878992 
 10878995 
 10878996 
 10878997 
 10879000 
 10879001 
 10879005 
 10879006 
 10879007 
 10879008 
 10879009 
 10879010 
 10879011 
 10879012 
 10879013 
 10879014 
 10879015 
 10879021 
 10879022 
 10879023 
 10879024 
 10879025 
 10879026 
 10879027 
 10879028 
 10879029 
 10879030 
 10879031 
 10879032 
 10879033 
 10879034 
 10879035 
 10879036 
 10879037 
 10879038 
 10879039 
 10879041 
 10879042 
 10879043 
 10879044 
 10879045 
 10879046 
 10879047 
 10879048 
 10879049 
 10879050 
 10879051 
 10879052 
 10879053 
 10879054 
 10879077 
 10879081 
 10879086 
 10879087 
 10879088 
 10879089 
 10879090 
 10879091 
 10879092 
 10879095 
 10879096 
 10879107 
 10879109 
 10879111 
 10879113 
 10879114 
 10879115 
 10879122 
 10879124 
 10879129 
 10879130 
 10879132 
 10879138 
 10879143 
 10879144 
 10879145 
 10879146 
 10879147 
 10879148 
 10879149 
 10879150 
 10879151 
 10879152 
 10879153 
 10879154 
 10879156 
 10879157 
 10879159 
 10879160 
 10879161 
 10879162 
 10879163 
 10879164 
 10879165 
 10879166 
 10879167 
 10879168 
 10879169 
 10879170 
 10879171 
 10879172 
 10879173 
 10879174 
 10879175 
 10879176 
 10879178 
 10879179 
 10879180 
 10879181 
 10879182 
 10879186 
 10879187 
 10879188 
 10879189 
 10879190 
 10879191 
 10879196 
 10879197 
 10879217 
 10879218 
 10879219 
 10879220 
 10879226 
 10879227 
 10879236 
 10879237 
 10879238 
 10944554 
 10944654 
 10944656 
 10944658 
 10944660 
 10944662 
 10944744 
 10944746 
 10944748 
 10944750 
 10944752 
 10944913 
 11010251 
 11010452 
 11010453 
 11010508 
 11010509 
 11010649 
 11010651 
 11010653 
 11010655 
 11010657 
 11010661 
 11010749 
 11010753 
 11010756 
 11010758 
 11010759 
 11010799 
 11010801 
 11010803 
 11010805 
 11011151 
 11337730 
 11337732 
 11337734 
 11337736 
 11337737 
 15663716 
