9175041
9175057
9175058
9175059
9175060
9175061
9175062
9175063
9175064
9175065
9175066
9175067
9175068
9175069
9175070
9175071
9175072
9175073
9175074
9175075
9175076
9175077
9175078
9175090
9175091
9175092
9175093
9175094
9175095
9175096
9175097
9175098
9175099
9175100
9175101
9175102
9175103
9175104
9175105
9175106
9175107
9175108
9175109
9175110
9175111
9175112
9175113
9175114
9175115
9175116
9175117
9175118
9175119
9175120
9175121
9175122
9175123
9175124
9175125
9175126
9175127
9175128
9175129
9175130
9175131
9175132
9175133
9175134
9175136
9175137
9175139
9175140
9175141
9175142
9175143
9175144
9175145
9175146
9175147
9175148
9175151
9175152
9175153
9175154
9175155
9175156
9175157
9175158
9175159
9175160
9175161
9175162
9175163
9175164
9175165
9175166
9175167
9175168
9175190
9175191
9175192
9175193
9175194
9175195
9175200
9175201
9175202
9175203
9175240
9175241
9175242
9175243
9175244
9175245
9175246
9175247
9175248
9175249
9175250
9175251
9175252
9175253
9175254
9175255
9175256
9175258
9175259
9175260
9175261
9175262
9175263
9175264
9175265
9175266
9175267
9175268
9175269
9175270
9175271
9175272
9175273
9175274
9175275
9175276
9175277
9175278
9175290
9175291
9175292
9175293
9175294
9175295
9175296
9175297
9175298
9175299
9175300
9175301
9175302
9175303
9175304
9175305
9175306
9175307
9175308
9175309
9175310
9175311
9175312
9175313
9175314
9175315
9175316
9175317
9175318
9175319
9175320
9175321
9175322
9175323
9175324
9175325
9175326
9175327
9175328
9175329
9175330
9175331
9175332
9175333
9175334
9175335
9175336
9175337
9175338
9175340
9175341
9175342
9175344
9175345
9175346
9175347
9175348
9175349
9175350
9175351
9175352
9175353
9175354
9175355
9175356
9175357
9175358
9175359
9175360
9175361
9175362
9175363
9175364
9175365
9175366
9175367
9175368
9175369
9175370
9175371
9175372
9175373
9175374
9175375
9175376
9175377
9175378
9175379
9175380
9175381
9175382
9175383
9175384
9175385
9175386
9175387
9175388
9175389
9175390
9175391
9175392
9175393
9175394
9175395
9175396
9175397
9175398
9175399
9175400
9175401
9175402
9175403
9175404
9175405
9175406
9175407
9175408
9175409
9175411
9175412
9175413
9175414
9175415
9175416
9175417
9175418
9175419
9175430
9175431
9175432
9175433
9175434
9175435
9175440
9175441
9175442
9175443
9175444
9175445
9175446
9175447
9175448
9175476
9175477
9175478
9175479
9175483
9175484
9175485
9175486
9175487
9175488
9175489
9175510
9175511
9175512
9175513
9175514
9175515
9175516
9175517
9175520
9175521
9175522
9175523
9175608
9175640
9175641
9175642
9175643
9175644
9175646
9175741
9175742
9175743
9175744
9175745
9175856
9175940
9175941
9175942
9175943
9175944
9175945
9175946
9175947
9175948
9175949
9175950
9175951
9175953
9175954
9175955
9175957
9175958
9175959
9175960
9175961
9175962
9175963
9175964
9175965
9175966
9175967
9175968
9175969
9175970
9175971
9175972
9175973
9175974
9175975
9175976
9175977
9175978
9175979
9175980
9175981
9175982
9175983
9175984
9175985
9175986
9175987
9175988
9175989
9175990
9175991
9175992
9175993
9175994
9175995
9175996
9175997
9175998
9175999
9176000
9176001
9176002
9176003
9176004
9176005
9176006
9176007
9176008
9176009
9176010
9176011
9176012
9176013
9176014
9176015
9176016
9176017
9176018
9176019
9176020
9176021
9176022
9176024
9176025
9176026
9176027
9176028
9176029
9176030
9176031
9176032
9176033
9176034
9176035
9176036
9176037
9176038
9176039
9176040
9176041
9176042
9176043
9176044
9176045
9176046
9176047
9176048
9176049
9176050
9176051
9176052
9176053
9176054
9176055
9176056
9176057
9176058
9176059
9176060
9176061
9176062
9176063
9176064
9176065
9176066
9176067
9176068
9176069
9176070
9176071
9176072
9176073
9176074
9176075
9176076
9176077
9176078
9176079
9176080
9176081
9176082
9176083
9176084
9176085
9176086
9176087
9176088
9176089
9176090
9176091
9176092
9176093
9176094
9176097
9176098
9176099
9176100
9176101
9176110
9176111
9176112
9176113
9176114
9176115
9176116
9176117
9176118
9176119
9176120
9176121
9176122
9176123
9176124
9176125
9176126
9176127
9176128
9176129
9176130
9176131
9176132
9176133
9176134
9176135
9176136
9176137
9176138
9176139
9176140
9176141
9176142
9176143
9176144
9176145
9176146
9176147
9176148
9176149
9176150
9176151
9176152
9176153
9176154
9176155
9176156
9176157
9176158
9176159
9176160
9176161
9176162
9176163
9176164
9176165
9176166
9176167
9176168
9176169
9176170
9176171
9176172
9176173
9176174
9176175
9176176
9176177
9176178
9176179
9176180
9176181
9176182
9176183
9176184
9176185
9176186
9176187
9176188
9176189
9176190
9176191
9176192
9176193
9176194
9176195
9176196
9176197
9176198
9176199
9176200
9176201
9176202
9176203
9176204
9176205
9176206
9176207
9176208
9176209
9176210
9176211
9176212
9176213
9176214
9176215
9176216
9176217
9176218
9176219
9176220
9176221
9176222
9176223
9176224
9176225
9176226
9176227
9176228
9176229
9176230
9176231
9176232
9176233
9176234
9176235
9176236
9176237
9176238
9176239
9176240
9176241
9176242
9176243
9176244
9176245
9176246
9176247
9176248
9176249
9176250
9176251
9176252
9176253
9176254
9176255
9176256
9176257
9176258
9176259
9176260
9176261
9176262
9176263
9176264
9176265
9176266
9176267
9176268
9176269
9176270
9176271
9176272
9176273
9176274
9176275
9176276
9176277
9176278
9176279
9176280
9176281
9176282
9176283
9176284
9176285
9176286
9176287
9176288
9176289
9176290
9176291
9176292
9176293
9176294
9176295
9176320
9176321
9176322
9176323
9176324
9176325
9176326
9176327
9176328
9176329
9176330
9176331
9176332
9176333
9176334
9176335
9176336
9176337
9176338
9176339
9176340
9176341
9176342
9176343
9176344
9176345
9176346
9176347
9176440
9176441
9176442
9176443
9176444
9176445
9176446
9176447
9176448
9176449
9176450
9176451
9176452
9176453
9176454
9176455
9176456
9176457
9176458
9176459
9176460
9176461
9176462
9176463
9176464
9176465
9176466
9176467
9176468
9176469
9176470
9176471
9176472
9176473
9176474
9176475
9176476
9176477
9176478
9176479
9176480
9176481
9176482
9176483
9176484
9176485
9176486
9176487
9176488
9176489
9176490
9176491
9176492
9176493
9176494
9176495
9176496
9176497
9176498
9176499
9176500
9176501
9176502
9176503
9176504
9176505
9176506
9176507
9176508
9176509
9176510
9176511
9176512
9176513
9176514
9176515
9176516
9176517
9176518
9176519
9176520
9176521
9176522
9176524
9176525
9176526
9176527
9176528
9176529
9176530
9176531
9176532
9176533
9176534
9176535
9176536
9176537
9176538
9176539
9176540
9176541
9176542
9176543
9176544
9176545
9176546
9176547
9176548
9176549
9176550
9176551
9176552
9176553
9176554
9176555
9176556
9176557
9176558
9176559
9176560
9176561
9176562
9176563
9176564
9176565
9176566
9176567
9176568
9176569
9176570
9176571
9176572
9176573
9176574
9176575
9176576
9176577
9176578
9176579
9176580
9176581
9176582
9176583
9176584
9176585
9176586
9176587
9176588
9176589
9176590
9176591
9176592
9176593
9176594
9176595
9176596
9176597
9176598
9176599
9176600
9176601
9176602
9176603
9176604
9176605
9176606
9176607
9176608
9176609
9176610
9176611
9176612
9176613
9176614
9176615
9176616
9176617
9176618
9176619
9176620
9176621
9176622
9176623
9176624
9176625
9176626
9176627
9176628
9176629
9176630
9176631
9176632
9176633
9176634
9176635
9176636
9176637
9176638
9176639
9176640
9176641
9176643
9176644
9176645
9176646
9176647
9176648
9176649
9176650
9176651
9176652
9176653
9176654
9176655
9176656
9176657
9176658
9176659
9176660
9176661
9176662
9176663
9176664
9176665
9176666
9176667
9176668
9176669
9176670
9176671
9176672
9176673
9176674
9176675
9176676
9176677
9176678
9176679
9176680
9176681
9176682
9176683
9176684
9176685
9176686
9176687
9176688
9176689
9176690
9176691
9176692
9176693
9176694
9176695
9176696
9176697
9176698
9176699
9176700
9176701
9176702
9176703
9176704
9176705
9176706
9176707
9176708
9176709
9176710
9176711
9176712
9176713
9176714
9176715
9176716
9176717
9176718
9176719
9176720
9176721
9176722
9176723
9176724
9176725
9176726
9176727
9176728
9176729
9176730
9176731
9176732
9176733
9176734
9176735
9176736
9176737
9176738
9176739
9176740
9176741
9176742
9176743
9176744
9176745
9176746
9176747
9176748
9176749
9176750
9176751
9176752
9176753
9176754
9176755
9176756
9176757
9176758
9176759
9176760
9176761
9176762
9176763
9176764
9176765
9176766
9176767
9176768
9176769
9176770
9176771
9176772
9176773
9176774
9176775
9176776
9176777
9176778
9176779
9176780
9176781
9176782
9176783
9176784
9176785
9176786
9176787
9176788
9176789
9176790
9176791
9176792
9176793
9176794
9176795
9176796
9176797
9176798
9176799
9176800
9176801
9176802
9176803
9176804
9176805
9176806
9176807
9176808
9176809
9176810
9176811
9176812
9176813
9176814
9176815
9176816
9176817
9176818
9176819
9176820
9176821
9176822
9176823
9176824
9176825
9176826
9176827
9176828
9176829
9176830
9176831
9176832
9176833
9176834
9176835
9176836
9176837
9176838
9176839
9176840
9176841
9176842
9176843
9176850
9176851
9176852
9176853
9176854
9176855
9176856
9176857
9176858
9176859
9176860
9176861
9176862
9176870
9176871
9176872
9176873
9176874
9176875
9176876
9176877
9176878
9176879
9176880
9176881
9176882
9176883
9176884
9176885
9176886
9176887
9176888
9176889
9176890
9176891
9176892
9176893
9176894
9176895
9176896
9176897
9176898
9176899
9176900
9176901
9176902
9176903
9176904
9176905
9176906
9176907
9176908
9176909
9176910
9176911
9176912
9176913
9176914
9176915
9176916
9176917
9176918
9176919
9176920
9176930
9176931
9176938
9176939
9176940
9176941
9176942
9176943
9176944
9176945
9176946
9176947
9176948
9176949
9176950
9176951
9176952
9176953
9176954
9176955
9176956
9176957
9176958
9176959
9176960
9176961
9176962
9176963
9176964
9176965
9176966
9176967
9176968
9176969
9176970
9176971
9176972
9176973
9176974
9176975
9176976
9176977
9176978
9176979
9176980
9176981
9176982
9176983
9176984
9176985
9176986
9176987
9176989
9176990
9176991
9176992
9176993
9176994
9176995
9176996
9176997
9176998
9176999
9177000
9177001
9177002
9177003
9177004
9177005
9177007
9177008
9177009
9177010
9177011
9177012
9177013
9177014
9177015
9177016
9177017
9177018
9177019
9177020
9177021
9177022
9177023
9177024
9177025
9177026
9177027
9177028
9177029
9177030
9177031
9177032
9177033
9177034
9177035
9177036
9177037
9177038
9177039
9177040
9177041
9177042
9177043
9177044
9177045
9177046
9177047
9177048
9177049
9177050
9177051
9177052
9177053
9177054
9177055
9177056
9177057
9177058
9177059
9177060
9177061
9177062
9177063
9177064
9177065
9177066
9177067
9177068
9177069
9177070
9177071
9177072
9177073
9177074
9177075
9177076
9177077
9177078
9177079
9177080
9177081
9177082
9177083
9177084
9177085
9177086
9177087
9177088
9177089
9177090
9177091
9177092
9177093
9177094
9177095
9177096
9177097
9177098
9177099
9177100
9177101
9177102
9177103
9177104
9177105
9177106
9177107
9177108
9177109
9177110
9177111
9177112
9177113
9177114
9177115
9177116
9177117
9177118
9177119
9177120
9177121
9177122
9177123
9177124
9177125
9177126
9177127
9177128
9177129
9177130
9177131
9177132
9177133
9177134
9177135
9177136
9177137
9177138
9177140
9177141
9177142
9177143
9177144
9177145
9177146
9177147
9177148
9177149
9177150
9177151
9177152
9177180
9177181
9177182
9177183
9177184
9177185
9177186
9177187
9177188
9177189
9177193
9177195
9177196
9177197
9177198
9177199
9177200
9177201
9177202
9177203
9177204
9177205
9177206
9177207
9177208
9177209
9177210
9177211
9177212
9177213
9177214
9177215
9177216
9177217
9177218
9177219
9177220
9177221
9177222
9177223
9177224
9177225
9177226
9177227
9177229
9177230
9177231
9177232
9177234
9177235
9177236
9177237
9177238
9177239
9177240
9177241
9177242
9177243
9177244
9177245
9177246
9177247
9177248
9177249
9177250
9177251
9177252
9177253
9177254
9177255
9177256
9177257
9177258
9177259
9177260
9177261
9177262
9177263
9177264
9177265
9177266
9177267
9177268
9177269
9177270
9177271
9177272
9177273
9177274
9177275
9177276
9177277
9177278
9177279
9177280
9177281
9177282
9177283
9177284
9177285
9177286
9177287
9177288
9177289
9177290
9177291
9177292
9177293
9177294
9177295
9177296
9177297
9177298
9177299
9177300
9177301
9177302
9177303
9177304
9177305
9177306
9177307
9177308
9177309
9177310
9177311
9177312
9177313
9177314
9177315
9177316
9177317
9177318
9177319
9177320
9177321
9177322
9177323
9177324
9177325
9177326
9177327
9177328
9177329
9177330
9177331
9177332
9177333
9177334
9177335
9177336
9177337
9177338
9177339
9177340
9177341
9177342
9177343
9177344
9177345
9177346
9177347
9177348
9177349
9177350
9177351
9177352
9177353
9177354
9177355
9177356
9177357
9177358
9177359
9177360
9177361
9177362
9177363
9177364
9177365
9177366
9177367
9177368
9177369
9177370
9177371
9177372
9177373
9177374
9177375
9177376
9177377
9177378
9177379
9177380
9177381
9177382
9177384
9177385
9177387
9177388
9177389
9177390
9177391
9177392
9177393
9177394
9177395
9177396
9177397
9177398
9177399
9177400
9177401
9177402
9177403
9177404
9177405
9177406
9177407
9177408
9177409
9177410
9177411
9177412
9177413
9177414
9177415
9177416
9177417
9177418
9177419
9177420
9177421
9177422
9177423
9177430
9177431
9177432
9177433
9177434
9177435
9177436
9177437
9177438
9177439
9177441
9177442
9177443
9177444
9177460
9177461
9177462
9177463
9177464
9177465
9177466
9177467
9177468
9177469
9177470
9177471
9177472
9177473
9177474
9177475
9177476
9177477
9177478
9177479
9177480
9177481
9177482
9177483
9177484
9177485
9177486
9177487
9177488
9177489
9177490
9177491
9177492
9177493
9177494
9177495
9177496
9177497
9177498
9177499
9177500
9177501
9177502
9177503
9177504
9177505
9177506
9177507
9177508
9177509
9177510
9177511
9177512
9177513
9177514
9177515
9177516
9177517
9177518
9177519
9177520
9177521
9177522
9177523
9177525
9177526
9177527
9177529
9177530
9177531
9177532
9177533
9177534
9177535
9177740
9177741
9177742
9177743
9177744
9177745
9177746
9177747
9177748
9177749
9177750
9177751
9177752
9177753
9177754
9177755
9177756
9177757
9177758
9177759
9177760
9177761
9177762
9177763
9177764
9177765
9177766
9177767
9177768
9177769
9177770
9177771
9177772
9177773
9177774
9177775
9177776
9177777
9177778
9177779
9177790
9177791
9177792
9177793
9177794
9177795
9177796
9177797
9177798
9177799
9177800
9177801
9177802
9177803
9177804
9177805
9177806
9177807
9177808
9177809
9177810
9177811
9177812
9177813
9177814
9177815
9177816
9177817
9177818
9177819
9177820
9177821
9177822
9177823
9177824
9177825
9177826
9177827
9177828
9177829
9177830
9177831
9177832
9177833
9177834
9177835
9177836
9177837
9177838
9177839
9177840
9177841
9177842
9177843
9177844
9177845
9177846
9177847
9177848
9177849
9177850
9177851
9177852
9177853
9177854
9177855
9177856
9177857
9177858
9177859
9177860
9177861
9177862
9177863
9177864
9177865
9177866
9177867
9177868
9177869
9177870
9177871
9177872
9177873
9177874
9177875
9177876
9177877
9177878
9177879
9177880
9177881
9177882
9177883
9177884
9177885
9177886
9177887
9177888
9177889
9177890
9177891
9177892
9177893
9177894
9177895
9177915
9177916
9177917
9177918
9177919
9177920
9177921
9177922
9177939
9178041
9178042
9178047
9178048
9178140
9178145
9178146
9178147
9178148
9178149
9178150
9178151
9178152
9178153
9178154
9178155
9178156
9178157
9178158
9178160
9178161
9178162
9178163
9178164
9178165
9178166
9178167
9178168
9178169
9178170
9178171
9178175
9178176
9178240
9178241
9178242
9178243
9178244
9178245
9178246
9178247
9178248
9178249
9178250
9178251
9178252
9178253
9178254
9178255
9178256
9178257
9178258
9178259
9178260
9178270
9178271
9178272
9178273
9178274
9178275
9178276
9178277
9178278
9178279
9178314
9178315
9178316
9178317
9178318
9178319
9178320
9178321
9178322
9178323
9178324
9178326
9178327
9178328
9178330
9178331
9178332
9178333
9178336
9178337
9178338
9178339
9179040
9179041
9179042
9179043
9179044
9179045
9179046
9179047
9179048
9179049
9179050
9179051
9179052
9179053
9179054
9179055
9179056
9179057
9179058
9179059
9179060
9179061
9179062
9179068
9179069
9179070
9179071
9179081
9179082
9179083
9179084
9179085
9179086
9179087
9179090
9179091
9179092
9179093
9179094
9179095
9179100
9179101
9179102
9179103
9179104
9179105
9179106
9179107
9179108
9179110
9179111
9179112
9179113
9179114
9179115
9179116
9179117
9179118
9179119
9179120
9179121
9179122
9179123
9179124
9179125
9179126
9179127
9179128
9179129
9179130
9179131
9179132
9179133
9179134
9179135
9179136
9179137
9179138
9179139
9179970
9179971
9179972
9179973
9179974
9179975
9181040
9181041
9181042
9181043
9181044
9181045
9181046
9181047
9181049
9181050
9181051
9181057
9181058
9181059
9181060
9181061
9181062
9181063
9181064
9181065
9181066
9181067
9181068
9181069
9181070
9181071
9181072
9181073
9181074
9181075
9181077
9181079
9181080
9181081
9181082
9181083
9181084
9181142
9181145
9181146
9181147
9181148
9181149
9181150
9181151
9181152
9181153
9181154
9181155
9181156
9181157
9181158
9181159
9181160
9181161
9181162
9181163
9181164
9181165
9181166
9181167
9181168
9181169
9181170
9181171
9181172
9181173
9181174
9181175
9181176
9181177
9181178
9181180
9181181
9181182
9181183
9181184
9181185
9181240
9181241
9181242
9181243
9181244
9181245
9181246
9181247
9181248
9181249
9181250
9181251
9181252
9181253
9181254
9181255
9181256
9181290
9181291
9181292
9181293
9181294
9181295
9181296
9181297
9181298
9181299
9181300
9181301
9181302
9181303
9181304
9181305
9181306
9181307
9181308
9181340
9181341
9181342
9181343
9181344
9181345
9181346
9181347
9181348
9181349
9181350
9181351
9181352
9181353
9181354
9181355
9181356
9181357
9181358
9181359
9181360
9181361
9181362
9181363
9181440
9181441
9181442
9181443
9181444
9181445
9181446
9181447
9181448
9181453
9181456
9181459
9181460
9181461
9181462
9181463
9181470
9181471
9181472
9181473
9181474
9181475
9181476
9181477
9181478
9181479
9181480
9181481
9181482
9181483
9181484
9181485
9181486
9181487
9181488
9181489
9181540
9181541
9181542
9181543
9181544
9181545
9181548
9181549
9181550
9181551
9181552
9181553
9181554
9181555
9181556
9181557
9181558
9181559
9181560
9181561
9181562
9181563
9181564
9181565
9181566
9181567
9181568
9181569
9181570
9181571
9181572
9181573
9181574
9181575
9181576
9181577
9181578
9181579
9181580
9181581
9181582
9181583
9181584
9181585
9181590
9181591
9181592
9181593
9181594
9181595
9181596
9181597
9181598
9181599
9181600
9181601
9181602
9181603
9181604
9181605
9181606
9181607
9181608
9181609
9181610
9181611
9181612
9181613
9181614
9181615
9181616
9181617
9181618
9181620
9181640
9181641
9181642
9181643
9181644
9181645
9181646
9181647
9181648
9181650
9181651
9181652
9181653
9181654
9181655
9181656
9181657
9181658
9181659
9181660
9181661
9181662
9181740
9181741
9181742
9181743
9181744
9181745
9181746
9181747
9181748
9181749
9181750
9181751
9181752
9181753
9181760
9181761
9181762
9181770
9181771
9181772
9181773
9181774
9181775
9181776
9181777
9181781
9181782
9181783
9181784
9181785
9181786
9181787
9181788
9181789
9181790
9181791
9181792
9181793
9181794
9181795
9181796
9181797
9181800
9181801
9181802
9181803
9181804
9181805
9181806
9181807
9181810
9181811
9181812
9181813
9181814
9181815
9181816
9181817
9181818
9181819
9181820
9181821
9181830
9181831
9181832
9181833
9181834
9181840
9181841
9181842
9181843
9181844
9181845
9181846
9181847
9181848
9181849
9181850
9181851
9181852
9181853
9181854
9181855
9181856
9181857
9181940
9181941
9181942
9181943
9181944
9181945
9181946
9181947
9181948
9181949
9181950
9181951
9181952
9181953
9181954
9181955
9181956
9181957
9181958
9181959
9181960
9181961
9181962
9181963
9181964
9181965
9181966
9181967
9181968
9181969
9181970
9181971
9181972
9181973
9181990
9181991
9181992
9181993
9181994
9181995
9181996
9181997
9181998
9181999
9182000
9182001
9182010
9182011
9182012
9182013
9182014
9182015
9182016
9182017
9182018
9182019
9182240
9182241
9182242
9182243
9182244
9182245
9182246
9182247
9182248
9182249
9182250
9182251
9182252
9182253
9182254
9182255
9182256
9182257
9182258
9182259
9182260
9182261
9182262
9182263
9182264
9182265
9182266
9182267
9182268
9182269
9182270
9182271
9182272
9182273
9182274
9182275
9182276
9182277
9182278
9182279
9182280
9182281
9182282
9182283
9182284
9182285
9182286
9182287
9182288
9182289
9182290
9182291
9182292
9182293
9182294
9182295
9182296
9182297
9182298
9182299
9182300
9182301
9182302
9182303
9182304
9182305
9182306
9182307
9182308
9182309
9182310
9182311
9182312
9182313
9182314
9182315
9182316
9182317
9182318
9182319
9182320
9182321
9182322
9182323
9182324
9182325
9182326
9182327
9182330
9182343
9182344
9182345
9182364
9182367
9182379
9182385
9182430
9182431
9182432
9182440
9182441
9182442
9182443
9182444
9182446
9182447
9182448
9182449
9182450
9182451
9182452
9182455
9182456
9182457
9182458
9182459
9182465
9182466
9182467
9182471
9182472
9182480
9182481
9182482
9182483
9182484
9182485
9182486
9182487
9182488
9182489
9182491
9182492
9182493
9182508
9182509
9182510
9182511
9182512
9182513
9182514
9182515
9182516
9182517
9182518
9182519
9182520
9182521
9182522
9182523
9182524
9182525
9182526
9182527
9182528
9182529
9182530
9182531
9182532
9182533
9182534
9182535
9182536
9182537
9182538
9182539
9182540
9182541
9182542
9182543
9182544
9182545
9182546
9182547
9182548
9182549
9182550
9182551
9182552
9182553
9182554
9182574
9182588
9182589
9182590
9182591
9182592
9182601
9182602
9182603
9182604
9182605
9182608
9182609
9182610
9182611
9182612
9182613
9182614
9182616
9182617
9182618
9182619
9182620
9182621
9182622
9182624
9182625
9182626
9182627
9182628
9182629
9182630
9182631
9182632
9182633
9182634
9182635
9182636
9182637
9182638
9182639
9182640
9182641
9182642
9182645
9182646
9182647
9182648
9182649
9182650
9182652
9182653
9182654
9182655
9182656
9182657
9182658
9182659
9182660
9182661
9182662
9182663
9182664
9182665
9182666
9182667
9182668
9182669
9182670
9182671
9182672
9182673
9182674
9182675
9182676
9182677
9182678
9182679
9182680
9182681
9182682
9182683
9182685
9182686
9182687
9182690
9182695
9182696
9182697
9182698
9182705
9182710
9182711
9182712
9182720
9182721
9182722
9182723
9182724
9182725
9182740
9182741
9182742
9182743
9182744
9182745
9182746
9182747
9182748
9182749
9182750
9182753
9182755
9182756
9182757
9182758
9182761
9182780
9182781
9182782
9182783
9182784
9182785
9182786
9182787
9182790
9182791
9182793
9182794
9182795
9182796
9182797
9182798
9182799
9182800
9182840
9182841
9182842
9182843
9182844
9182860
9182861
9182862
9182863
9182864
9182865
9182866
9182880
9182881
9182882
9182883
9182884
9182885
9182886
9182887
9182888
9182889
9182890
9182900
9182920
9183040
9183042
9183043
9183044
9183045
9183046
9183048
9183140
9183141
9183142
9183143
9183144
9183145
9183146
9183148
9183149
9183150
9183151
9183152
9183153
9183154
9183155
9183156
9183215
9183216
9183217
9183218
9183219
9183240
9183241
9183242
9183243
9183244
9183245
9183246
9183247
9183248
9183249
9183250
9183270
9183271
9183272
9183273
9183274
9183275
9183276
9183277
9183278
9183280
9183281
9183282
9183300
9183301
9183302
9183303
9183304
9183305
9183306
9183307
9183308
9183309
9183310
9183311
9183314
9183315
9183316
9183317
9183318
9183348
9183349
9183350
9183351
9183352
9183353
9183354
9183355
9183356
9183357
9183358
9183359
9183360
9183361
9183362
9183363
9183370
9183371
9183372
9183380
9183381
9183382
9183383
9183384
9183402
9183441
9183452
9183453
9183454
9183469
9183470
9183471
9183472
9183473
9183474
9183475
9183476
9183477
9183480
9183481
9183483
9183484
9183485
9183486
9183487
9183488
9183489
9183490
9183491
9183492
9183493
9183494
9183495
9183496
9183497
9183498
9183499
9183500
9183502
9183503
9183504
9183505
9183506
9183507
9183508
9183538
9183539
9184240
9184241
9184242
9184243
9184244
9184245
9184246
9184247
9184248
9184249
9184250
9184251
9184252
9184253
9184254
9184255
9184256
9184257
9184258
9184280
9184281
9184282
9184283
9184284
9184285
9184286
9184287
9184300
9184301
9184302
9184303
9184304
9184305
9184306
9184310
9184311
9184312
9184313
9184314
9184320
9184321
9184322
9184323
9184324
9184325
9184330
9184331
9184332
9184333
9184340
9184341
9184350
9184351
9184352
9184353
9184354
9184355
9184356
9184357
9184358
9184359
9184360
9184361
9184362
9184370
9184371
9184372
9184373
9184374
9184375
9184380
9184381
9184382
9184384
9184390
9184391
9184392
9184393
9184394
9184400
9184401
9184402
9184403
9184404
9184405
9184406
9184407
9184408
9184409
9184410
9184740
9184741
9184742
9184743
9184744
9184745
9184746
9184748
9184749
9184750
9184751
9184752
9184753
9184754
9184755
9184756
9184757
9184758
9184759
9184780
9184781
9184782
9184783
9184784
9184785
9184786
9184787
9184788
9184789
9184790
9184791
9184792
9184793
9184794
9184795
9184796
9184797
9184798
9184799
9184800
9184801
9184802
9184803
9184804
9184805
9184806
9184807
9184808
9184809
9184810
9184811
9184812
9184813
9184814
9184815
9184816
9184817
9184818
9184819
9184826
9184827
9184828
9184829
9184830
9184831
9184832
9184833
9184834
9184835
9184836
9184837
9184838
9184839
9184840
9184841
9184842
9184843
9184844
9184845
9184846
9184847
9184848
9184849
9184850
9184851
9184852
9184853
9184854
9184855
9184856
9184857
9184858
9184859
9184860
9184861
9184862
9184863
9184864
9184865
9184866
9184867
9184868
9184869
9184870
9184871
9184872
9184873
9184874
9184875
9184876
9184877
9184878
9184879
9184880
9184881
9184882
9184883
9184884
9184885
9184886
9184887
9184890
9184891
9184893
9184894
9184895
9184896
9184897
9184910
9184911
9184912
9184913
9184914
9184915
9184916
9184917
9184918
9184919
9184920
9184921
9184922
9184923
9184924
9184925
9184926
9184927
9184928
9184929
9184930
9184948
9184949
9184950
9184951
9184952
9184953
9184954
9184955
9184956
9184958
9184959
9184960
9184961
9184962
9184963
9184964
9184965
9184966
9184967
9184968
9184969
9184970
9184971
9184972
9184973
9184974
9184975
9184976
9184977
9184978
9184979
9184980
9184981
9184982
9184983
9184984
9184985
9184986
9184987
9184988
9184989
9184990
9184991
9184992
9184993
9184994
9184995
9184996
9184997
9184998
9184999
9185000
9185001
9185002
9185003
9185004
9185006
9185007
9185008
9185009
9185014
9185015
9185016
9185017
9185018
9185019
9185020
9185021
9185022
9185023
9185024
9185025
9185026
9185027
9185028
9185029
9185040
9187040
9187041
9187042
9187043
9187044
9187045
9187046
9187047
9187048
9187049
9187050
9187051
9187052
9187053
9187054
9187055
9187056
9187057
9187058
9187059
9187060
9187061
9187062
9187063
9187064
9187065
9187066
9187067
9187068
9187069
9187070
9187071
9187072
9187073
9187074
9187075
9187076
9187077
9187078
9187079
9187080
9187081
9187082
9187083
9187084
9187085
9187091
9187092
9187094
9187096
9187097
9187098
9187099
9187100
9187101
9187102
9187103
9187104
9187105
9187106
9187107
9187108
9187109
9187110
9187111
9187112
9187113
9187114
9187115
9187116
9187117
9187118
9187119
9187121
9187122
9187123
9187124
9187190
9187191
9187192
9187193
9187194
9187195
9187196
9187197
9187198
9187199
9187200
9187201
9187202
9187203
9187204
9187205
9187236
9187237
9187238
9187240
9187241
9187242
9187243
9187244
9187245
9187246
9187247
9187248
9187249
9187250
9187251
9187252
9187253
9187254
9187255
9187256
9187257
9187258
9187259
9187261
9187262
9187263
9187264
9187265
9187266
9187267
9187268
9187269
9187270
9187271
9187272
9187273
9187274
9187275
9187276
9187355
9187356
9187357
9187358
9187359
9187361
9187362
9187363
9187364
9187366
9187369
9187373
9187374
9187375
9187376
9187381
9187382
9187385
9187390
9187391
9187392
9187393
9187394
9187440
9187441
9187442
9187443
9187444
9187445
9187446
9187447
9187448
9187449
9187450
9187451
9187452
9187453
9187454
9187455
9187456
9187458
9187459
9187460
9187461
9187462
9187463
9187464
9187465
9187466
9187467
9187468
9187469
9187470
9187471
9187472
9187473
9187474
9187475
9187476
9187477
9187478
9187479
9187480
9187481
9187482
9187483
9187484
9187486
9187487
9187488
9187489
9187490
9187491
9187492
9187493
9187494
9187495
9187496
9187497
9187498
9187499
9187500
9187501
9187510
9187515
9187516
9187517
9187518
9187520
9187525
9187527
9187528
9187529
9187530
9187531
9187534
9187535
9187540
9187542
9187544
9187545
9187549
9187550
9187551
9187552
9187553
9187554
9187568
9187571
9187572
9187573
9187574
9187575
9187576
9187577
9187578
9187579
9187580
9187581
9187582
9187583
9187584
9187585
9187586
9187587
9187588
9187589
9187590
9187591
9187592
9187594
9187595
9187596
9187597
9187598
9187600
9187601
9187602
9187604
9187606
9187609
9187610
9187611
9187614
9187622
9187623
9187625
9187629
9187630
9187631
9187632
9187633
9187635
9187636
9187637
9187638
9187639
9187640
9187641
9187651
9187652
9187655
9187656
9187657
9187658
9187659
9187660
9187662
9187663
9187664
9187665
9187666
9187668
9187669
9187670
9187671
9187672
9187673
9187674
9187675
9187676
9187677
9187678
9187679
9187680
9187681
9187682
9187683
9187684
9187685
9187686
9187687
9187688
9187689
9187690
9187691
9187692
9187693
9187694
9187695
9187696
9187697
9187698
9187699
9187700
9187701
9187702
9187703
9187704
9187705
9187706
9187707
9187708
9187709
9187710
9187711
9187712
9187713
9187714
9187715
9187716
9187717
9187718
9187719
9187720
9187721
9187722
9187723
9187724
9187725
9187726
9187727
9187728
9187729
9187730
9187739
9187740
9187741
9187742
9187743
9187744
9187745
9187746
9187747
9187748
9187749
9187750
9187751
9187752
9187840
9187841
9187842
9187843
9187844
9187845
9187846
9187847
9187848
9187849
9187850
9187851
9187852
9187853
9187854
9187855
9187856
9187857
9187858
9187859
9187860
9187861
9187862
9187863
9187864
9187865
9187866
9187867
9187868
9187869
9187870
9187871
9187872
9187873
9187874
9187875
9187878
9187879
9187880
9187881
9187882
9187883
9188020
9188021
9188022
9188023
9188024
9188025
9188026
9188027
9188028
9188029
9188030
9188031
9188032
9188033
9188034
9188035
9188036
9188037
9188040
9188041
9188042
9188043
9188044
9188045
9188046
9188047
9188048
9188049
9188050
9188051
9188052
9188053
9188054
9188055
9188056
9188057
9188058
9188059
9188060
9188061
9188062
9188063
9188064
9188065
9188066
9188067
9188079
9188080
9188081
9188082
9188083
9188084
9188085
9188086
9188087
9188088
9188089
9188090
9188091
9188092
9188093
9188094
9188095
9188148
9188149
9188150
9188151
9188152
9188153
9188154
9188155
9188156
9188157
9188159
9188161
9188162
9188163
9188164
9188165
9188166
9188167
9188168
9188169
9188175
9188176
9188177
9188178
9188179
9188180
9188181
9188182
9188183
9188184
9188185
9188186
9188187
9188188
9188189
9188190
9188191
9188192
9188193
9188194
9188195
9188196
9188197
9188198
9188199
9188221
9188222
9188223
9188224
9188225
9188226
9188227
9188228
9188229
9188230
9188231
9188232
9188233
9188234
9188235
9188236
9188237
9188238
9188239
9188240
9188241
9188242
9188243
9188244
9188245
9188246
9188247
9188248
9188249
9188250
9188251
9188252
9188253
9188254
9188255
9188256
9188257
9188258
9188259
9188260
9188261
9188262
9188263
9188264
9188265
9188266
9188267
9188289
9188290
9188291
9188300
9188301
9188302
9188303
9188304
9188305
9188306
9188307
9188308
9188309
9188310
9188311
9188312
9188313
9188370
9188380
9188381
9188382
9188383
9188384
9188385
9188386
9188387
9188388
9188389
9188390
9188391
9188392
9188393
9188394
9188395
9188396
9188397
9188398
9188399
9188400
9188401
9188402
9188403
9188440
9188441
9188442
9188443
9188444
9188445
9188446
9188447
9188448
9188449
9188450
9188451
9188452
9188453
9188454
9188455
9188456
9188457
9188458
9188459
9188460
9188461
9188462
9188463
9188464
9188465
9188466
9188467
9188468
9188469
9188470
9188473
9188482
9188483
9188491
9188501
9188502
9188503
9188504
9188539
9189040
9189041
9189042
9189043
9189044
9189045
9189046
9189047
9189048
9189049
9189050
9189051
9189052
9189053
9189054
9189055
9189056
9189057
9189058
9189059
9189060
9189061
9189062
9189063
9189064
9189065
9189066
9189067
9189068
9189069
9189070
9189071
9189072
9189076
9189077
9189078
9189079
9189081
9189082
9189083
9189084
9189085
9189086
9189087
9189088
9189089
9189090
9189091
9189092
9189093
9189094
9189095
9189096
9189097
9189098
9189099
9189100
9189101
9189102
9189103
9189104
9189105
9189106
9189107
9189108
9189109
9189110
9189111
9189112
9189113
9189114
9189115
9189116
9189118
9189119
9189120
9189121
9189122
9189123
9189124
9189125
9189126
9189134
9189135
9189136
9189137
9189138
9189139
9189140
9189141
9189142
9189143
9189144
9189145
9189146
9189147
9189148
9189149
9189150
9189151
9189152
9189153
9189154
9189155
9189156
9189157
9189158
9189159
9189160
9189161
9189162
9189163
9189164
9189165
9189166
9189168
9189169
9189170
9189171
9189172
9189173
9189174
9189175
9189190
9189191
9189192
9189193
9189194
9189195
9189196
9189197
9189198
9189199
9189200
9189201
9189202
9189203
9189204
9189205
9189206
9189207
9189208
9189209
9189210
9189211
9189212
9189213
9189214
9189215
9189216
9189223
9189225
9189226
9189227
9189228
9189229
9189230
9189231
9189232
9189233
9189234
9189235
9189291
9189292
9189293
9189294
9189295
9189296
9189297
9189298
9189299
9189300
9189301
9189302
9189303
9189304
9189305
9189306
9189307
9189308
9189309
9189310
9189311
9189312
9189313
9189314
9189315
9189316
9189317
9189318
9189319
9189320
9189321
9189322
9189323
9189324
9189325
9189326
9189327
9189328
9189329
9189330
9189331
9189332
9189333
9189334
9189335
9189341
9189342
9189343
9189440
9189441
9189442
9189443
9189444
9189445
9189446
9189447
9189448
9189449
9189490
9189491
9189492
9189493
9189494
9189495
9189496
9189497
9189498
9189499
9189540
9189541
9189543
9189544
9189545
9189546
9189547
9189548
9189549
9189550
9189551
9189552
9189553
9189554
9189555
9189556
9189557
9189591
9189592
9189593
9191040
9191041
9191042
9191043
9191044
9191045
9191046
9191047
9191048
9191049
9191050
9191051
9191052
9191053
9191054
9191055
9191056
9191057
9191058
9191059
9191060
9191061
9191062
9191063
9191064
9191065
9191066
9191067
9191068
9191069
9191070
9191071
9191072
9191073
9191074
9191075
9191076
9191077
9191078
9191079
9191080
9191081
9191082
9191095
9191098
9191441
9191962
9193040
9193041
9193042
9193043
9193044
9193045
9193046
9193047
9193048
9193049
9193050
9194440
9194540
9194541
9194542
9194543
9194544
9194545
9194546
9194547
9194548
9194549
9194550
9194551
9194590
9194591
9194592
9194593
9194594
9194595
9194596
9194597
9194598
9194599
9194600
9194601
9194602
9194603
9194604
9194605
9194606
9194607
9194608
9194609
9194610
9194611
9194612
9194613
9194614
9194615
9194616
9194617
9194618
9194620
9194621
9194623
9194624
9194625
9194626
9194627
9194628
9194629
9194630
9194632
9194633
9194634
9194635
9194636
9194637
9194638
9194639
9194640
9194641
9194642
9194644
9194645
9194646
9194647
9194648
9194649
9194650
9194651
9194652
9194653
9194654
9194655
9194656
9194657
9194658
9194659
9194661
9194662
9194663
9194664
9194665
9194666
9194667
9194668
9194669
9194670
9194671
9194672
9194673
9194674
9194675
9194676
9194677
9194678
9194679
9194680
9194681
9194682
9194683
9194684
9194685
9194686
9194687
9194688
9194689
9194690
9194691
9194692
9194693
9194694
9194695
9194696
9194697
9194698
9194699
9194700
9194701
9194702
9194703
9194704
9194705
9194706
9194707
9194708
9194709
9194710
9194711
9194712
9194713
9194714
9194715
9194716
9194740
9194741
9194742
9194743
9194744
9194745
9194746
9194747
9194748
9194749
9194760
9194761
9194762
9194763
9194764
9194765
9194766
9194767
9194768
9194769
9194770
9194771
9194772
9194773
9194774
9194775
9194776
9194855
9195039
9195040
9196040
9196041
9196340
9196341
9196540
9196541
9196543
9196560
9196561
9196562
9196563
9196564
9196565
9196566
9196600
9196640
9196641
9196642
9196643
9196644
9196645
9196646
9196647
9196648
9196649
9196650
9196651
9196652
9196653
9196654
9196655
9196740
9196741
9196742
9196743
9196744
9196745
9196746
9196747
9196748
9196749
9196750
9196819
9197093
9197094
9197095
9197096
9197097
9197099
9197100
9197101
9197102
9197103
9197104
9197105
9197170
9197171
9197172
9197180
9197190
9197191
9197192
9197193
9197200
9197201
9197202
9197203
9197204
9197205
9197206
9197207
9197315
9197316
9197317
9197318
9197319
9197320
9197321
9197322
9197325
9197326
9197327
9197328
9197329
9197330
9197331
9197332
9197333
9197334
9197343
9197344
9197345
9197346
9197347
9197349
9197351
9197353
9197354
9197355
9197356
9197357
9197358
9197359
9197361
9197409
9197410
9197640
9197641
9197642
9197643
9197644
9197645
9197646
9197647
9197648
9197649
9197650
9197651
9197652
9197653
9197654
9197655
9197656
9197657
9197658
9197659
9197660
9197661
9197840
9197841
9197842
9197843
9197844
9197845
9197846
9197847
9197848
9197849
9197850
9197851
9197852
9197853
9197854
9197856
9197857
9197858
9197859
9197890
9197891
9197892
9197893
9197894
9197895
9197896
9197897
9197898
9197899
9197900
9197901
9197902
9197903
9197904
9197905
9197906
9197908
9197909
9197910
9197911
9197912
9197913
9197914
9197915
9197916
9197917
9197918
9197919
9197920
9197921
9197922
9197923
9197924
9197925
9197926
9197927
9197928
9197929
9197930
9197931
9197932
9197933
9197934
9197935
9197936
9197937
9197938
9197939
9197940
9197941
9197942
9197943
9197944
9197945
9197946
9197947
9197948
9197949
9197950
9197951
9197952
9197953
9197954
9197955
9197956
9197957
9197958
9197959
9197960
9197961
9197962
9197963
9197964
9197965
9197966
9197967
9197968
9197969
9197970
9197990
9197991
9198010
9198011
9198012
9198013
9198014
9198015
9198016
9198017
9198018
9198019
9198020
9198030
9198031
9198032
9198033
9198034
9198035
9198036
9198037
9198340
9198341
9198342
9198343
9198344
9198345
9198346
9198347
9198348
9198349
9198350
9198352
9198353
9198354
9198355
9198356
9198357
9198358
9198359
9198360
9198361
9198362
9198363
9198364
9198365
9198366
9198367
9198368
9198369
9198370
9198371
9198372
9198373
9198374
9198375
9198376
9198377
9198378
9198379
9198380
9198381
9198382
9198383
9198384
9198385
9198386
9198387
9198388
9198389
9198390
9198391
9198392
9198393
9198394
9198395
9198396
9198397
9198398
9198399
9198400
9198401
9198402
9198403
9198404
9198405
9198406
9198407
9198408
9198409
9198410
9198411
9198412
9198413
9198414
9198415
9198416
9198417
9198418
9198419
9198420
9198421
9198422
9198423
9198424
9198425
9198426
9198427
9198428
9198429
9198432
9198433
9198434
9198435
9198436
9198437
9198438
9198439
9198440
9198441
9198442
9198443
9198444
9198445
9198446
9198447
9198448
9198449
9198450
9198451
9198452
9198453
9198454
9198455
9198456
9198457
9198458
9198459
9198460
9198461
9198462
9198463
9198464
9198465
9198466
9198467
9198468
9198470
9198471
9198472
9198473
9198474
9198475
9198476
9198477
9198478
9198479
9198480
9198481
9198482
9198483
9198484
9198485
9198486
9198487
9198488
9198489
9198490
9198491
9198492
9198493
9198494
9198495
9198496
9198497
9198498
9198499
9198500
9198501
9198502
9198503
9198504
9198505
9198506
9198507
9198508
9198509
9198510
9198511
9198512
9198513
9198514
9198515
9198516
9198517
9198518
9199040
9199041
9199042
9199043
9199044
9199045
9199046
9199047
9199048
9199049
9199050
9199051
9199052
9199053
9199054
9199055
9199056
9199057
9199058
9199059
9199060
9199061
9199062
9199063
9199064
9199065
9199071
9199072
9199073
9199074
9199075
9199076
9199077
9199078
9199079
9199081
9199082
9199083
9199084
9199085
9199086
9199087
9199088
9199089
9199090
9199091
9199092
9199093
9199094
9199095
9199096
9199097
9199098
9199099
9199100
9199101
9199102
9199103
9199104
9199105
9199106
9199107
9199108
9199109
9199110
9199111
9199112
9199113
9199114
9199115
9199116
9199117
9199118
9199119
9199120
9199121
9199122
9199123
9199124
9199140
9199160
9199161
9199162
9199163
9199164
9199165
9199166
9199167
9199168
9199169
9199170
9199171
9199172
9199181
9199182
9199183
9199184
9199310
9199311
9199312
9199313
9199314
9199315
9199316
9199317
9199318
9199319
9199320
9199321
9199340
9199341
9199342
9199343
9199344
9199345
9199346
9199347
9199348
9199349
9199350
9199351
9199352
9199353
9199354
9199355
9199356
9199357
9199358
9199359
9199360
9199361
9199362
9199363
9199364
9199365
9199366
9199367
9199368
9199369
9199370
9199371
9199372
9199373
9199374
9199375
9199376
9199377
9199378
9199379
9199380
9199381
9199382
9199383
9199384
9199385
9199386
9199387
9199388
9199390
9199391
9199392
9199393
9199394
9199395
9199396
9199397
9199398
9199399
9199400
9199401
9199402
9199403
9199404
9199405
9199406
9199407
9199408
9199409
9199410
9199411
9199412
9199413
9199414
9199415
9199416
9199417
9199418
9199419
9199420
9199421
9199422
9199423
9199790
9199792
9199793
9199794
9199795
9199796
9199797
9199798
9199799
9199800
9199801
9199802
9199803
9199804
9199805
9199806
9199807
9199808
9199809
9199810
9199811
9199812
9199813
9199814
9199815
9199816
9199817
9199818
9199819
9199820
9199821
9199841
9199842
9199843
9199844
9199845
9199846
9199847
9199848
9199849
9199850
9199851
9199852
9199853
9199890
9199891
9199892
9199893
9199940
9199941
9199942
9199943
9199944
9200040
9200041
9200042
9200043
9200044
9200045
9200046
9200047
9200048
9200049
9200050
9200052
9200053
9200054
9200055
9200056
9200057
9200140
9200141
9200142
9200143
9200144
9200145
9200146
9200147
9200148
9200149
9200150
9200151
9200152
9200153
9200154
9200155
9200156
9200157
9200158
9200159
9200160
9200161
9200162
9200163
9200164
9200165
9200166
9200167
9200168
9200169
9200170
9200171
9200172
9200173
9200174
9200175
9200176
9200177
9200178
9200179
9200180
9200181
9200182
9200183
9200184
9200185
9200186
9200187
9200188
9200189
9200190
9200191
9200192
9200193
9200215
9200216
9200217
9200218
9200219
9200220
9200221
9200222
9200223
9200224
9200225
9200226
9200227
9200228
9200229
9200230
9200231
9200232
9200233
9200234
9200235
9200236
9200237
9200238
9200239
9200240
9200241
9200242
9200243
9200244
9200245
9200246
9200247
9200248
9200249
9200250
9200251
9200252
9200253
9200255
9200256
9200257
9200258
9200259
9200265
9200266
9200268
9200270
9200271
9200272
9200273
9200274
9200275
9200276
9200277
9200278
9200279
9200280
9200281
9200282
9200283
9200284
9200285
9200286
9200287
9200288
9200289
9200290
9200291
9200292
9200293
9200294
9200295
9200296
9200297
9200298
9200299
9200301
9200302
9200303
9200316
9200317
9200318
9200390
9200391
9200392
9200393
9200440
9200441
9200442
9200443
9200444
9200445
9200446
9200447
9200448
9200465
9200466
9200476
9200477
9200478
9200480
9200481
9201040
9201041
9201042
9201043
9201044
9201047
9201048
9201049
9201050
9201051
9201052
9201053
9201054
9201055
9201056
9201057
9201058
9201059
9201060
9201061
9201062
9201063
9201064
9201065
9201066
9201067
9201068
9201069
9201070
9201071
9201072
9201073
9201074
9201075
9201076
9201077
9201078
9201079
9201080
9201081
9201082
9201083
9201084
9201118
9201119
9201120
9201121
9201122
9201124
9201125
9201126
9201127
9201128
9201129
9201130
9201131
9201132
9201133
9201134
9201135
9201136
9201137
9201138
9201139
9201140
9201141
9201142
9201143
9201540
9201541
9201542
9201543
9201544
9201545
9201546
9201547
9201548
9201549
9201550
9201551
9201552
9201553
9201554
9201555
9201556
9201557
9201558
9201559
9201560
9201561
9201562
9201563
9201564
9201565
9201566
9201567
9201568
9201569
9201570
9201572
9201574
9201575
9201576
9201603
9201604
9201605
9201606
9201611
9201612
9201615
9202040
9202041
9202042
9202043
9202044
9202045
9202046
9202047
9202048
9202049
9202050
9202051
9202052
9202053
9202054
9202055
9202056
9202057
9202058
9202059
9202060
9202061
9202062
9202063
9202064
9202065
9202066
9202067
9202068
9202069
9202070
9202071
9202072
9202073
9202074
9202075
9202076
9202077
9202078
9202079
9202080
9202081
9202082
9202083
9202084
9202085
9202086
9202087
9202088
9202089
9202090
9202092
9202093
9202096
9202097
9202098
9202099
9202100
9202101
9202102
9202103
9202104
9202105
9202106
9202107
9202108
9202109
9202110
9202111
9202112
9202113
9202114
9202115
9202116
9202117
9202124
9202126
9202127
9202128
9202129
9202131
9202140
9202141
9202142
9202143
9202160
9202161
9202162
9202163
9202164
9202165
9202166
9202167
9202168
9202181
9202182
9202183
9202184
9202185
9202186
9202187
9202188
9202189
9202190
9202191
9202192
9202193
9202194
9202195
9202196
9202230
9202231
9202232
9202233
9202234
9202235
9202236
9202237
9202238
9202239
9202240
9202241
9202242
9202243
9202244
9202245
9202246
9202247
9202248
9202249
9202250
9202340
9202341
9202342
9202343
9202540
9202541
9202542
9202544
9202545
9202546
9202547
9202548
9202549
9202550
9202552
9202568
9202569
9202570
9202571
9202572
9202573
9202574
9202575
9202576
9202577
9202578
9202579
9202580
9202581
9202582
9202583
9202584
9203040
9203041
9203042
9203043
9203044
9203045
9203046
9203047
9203048
9203049
9203050
9203060
9203061
9203062
9203063
9203064
9203065
9203066
9203067
9203068
9203069
9203070
9203075
9203140
9203141
9203142
9203143
9203144
9203146
9203147
9203148
9203149
9203150
9203151
9203152
9203153
9203155
9203156
9203190
9203191
9203192
9203193
9203194
9203195
9203196
9203197
9203198
9203199
9203200
9203201
9203202
9203203
9203204
9203205
9203206
9203208
9203271
9203272
9203540
9203541
9203542
9203543
9203544
9203545
9203546
9203547
9203548
9203549
9203550
9203551
9203552
9203553
9203554
9203555
9203558
9203559
9203560
9203561
9203562
9203563
9203565
9203566
9203567
9203568
9203569
9203570
9203573
9203574
9203575
9203576
9203590
9203591
9203592
9203593
9203594
9203595
9203596
9203597
9203598
9203599
9203600
9203601
9203615
9203616
9203617
9203618
9203619
9203620
9203621
9203622
9203630
9203631
9203632
9203633
9203634
9203641
9203642
9203643
9203645
9203651
9203690
9203691
9203692
9203693
9203694
9203695
9203696
9203698
9203699
9203700
9203701
9203702
9203703
9204290
9204291
9204292
9204293
9204294
9204295
9204296
9204340
9204341
9204342
9204343
9204344
9204345
9204346
9204347
9204348
9204349
9204350
9204351
9204352
9204353
9204354
9204355
9204356
9204357
9204358
9204359
9204360
9204361
9204362
9204363
9204364
9204365
9204366
9204367
9204375
9204376
9204377
9204378
9204379
9204380
9204381
9204382
9204383
9204384
9204385
9204386
9204387
9204388
9204389
9204390
9204391
9204395
9204396
9204397
9204398
9204399
9204400
9204401
9204402
9204403
9204404
9204405
9204406
9204407
9204408
9204409
9204410
9204411
9204412
9204413
9204414
9204415
9204416
9204417
9204419
9204420
9204421
9204422
9204423
9204424
9204425
9204426
9204427
9204428
9204429
9204430
9204431
9204433
9204434
9204435
9204436
9204437
9204438
9204439
9204440
9204540
9204541
9204542
9204543
9204544
9204545
9204546
9204547
9204548
9204549
9204550
9204551
9204552
9204553
9204554
9204555
9204556
9204557
9204558
9204559
9204560
9204561
9204562
9204563
9204564
9204565
9204566
9204567
9204568
9204569
9204570
9204571
9204572
9204573
9204574
9204575
9204576
9204577
9204578
9204579
9204580
9204581
9204582
9204583
9204584
9204585
9204586
9204587
9204588
9204589
9204590
9204591
9204592
9204593
9204594
9204595
9204741
9204742
9204743
9204744
9204745
9204746
9204840
9204841
9204842
9204843
9204844
9204845
9204846
9204847
9204848
9204849
9204850
9204851
9204852
9204853
9204854
9204855
9204856
9204857
9204858
9204859
9204860
9204861
9204862
9204863
9204864
9204865
9204866
9204867
9204868
9204869
9204870
9204871
9204872
9204873
9204874
9204875
9204876
9204877
9204878
9204879
9204880
9204890
9204891
9204892
9204893
9204894
9204895
9204896
9204897
9204898
9204899
9204900
9204901
9204902
9204903
9204904
9204905
9204906
9204907
9204908
9204909
9204910
9204911
9204912
9204913
9204914
9204915
9204916
9204917
9204918
9204919
9204920
9204921
9204922
9204923
9204924
9204925
9204926
9204927
9204928
9204940
9204941
9204942
9204943
9204944
9204945
9204946
9204947
9204948
9204949
9204950
9204951
9204965
9204966
9204967
9204968
9204969
9204970
9204971
9204972
9204973
9204974
9204975
9205040
9205041
9205111
9205112
9205113
9205114
9205115
9205116
9205117
9205118
9205120
9205121
9205122
9205123
9205124
9205125
9205126
9205127
9205128
9205129
9205140
9205141
9205142
9205143
9205144
9205145
9205146
9205147
9205148
9205149
9205150
9205151
9205152
9205153
9205154
9205155
9205156
9205157
9205158
9205159
9205160
9205161
9205162
9205163
9205164
9205165
9205175
9205190
9205191
9205192
9205193
9205194
9205195
9205196
9205197
9205198
9205199
9205200
9205201
9205202
9205203
9205215
9205216
9205217
9205218
9205219
9205220
9205221
9205222
9205223
9205224
9205225
9205226
9205227
9205228
9205229
9205230
9205231
9205232
9205233
9205234
9205235
9205236
9205237
9205238
9205239
9205240
9205241
9205242
9205243
9205371
9205372
9205373
9205374
9205375
9205376
9205377
9205378
9205379
9205380
9205381
9205382
9205383
9205384
9205385
9205386
9205387
9205388
9205389
9205390
9205391
9205392
9205393
9205394
9205395
9205396
9205397
9205398
9205399
9205400
9205401
9205402
9205403
9205404
9205405
9205406
9205407
9205408
9205409
9205410
9205411
9205412
9205413
9205470
9205471
9205472
9205473
9205474
9205475
9205476
9205477
9205478
9205479
9205490
9205491
9205492
9205493
9205494
9205495
9205496
9205497
9205498
9205499
9205500
9205501
9205502
9205503
9205504
9205515
9205516
9205517
9205518
9205519
9205520
9205521
9205540
9205541
9205542
9205543
9205544
9205545
9205546
9205547
9205548
9205549
9205550
9205551
9205552
9205553
9205554
9205590
9205591
9205592
9205593
9205594
9205595
9205600
9205601
9205602
9205615
9205616
9205665
9205766
9205767
9205768
9205769
9205770
9205771
9205772
9205773
9205774
9205966
9250569
9250570
9250571
9250572
9250573
9250575
9250676
9250677
9250678
9250679
9250680
9250681
9250682
9250683
9250684
9250685
9250686
9250687
9250688
9250689
9250690
9250691
9250692
9250878
9250879
9250880
9250881
9250882
9250883
9250884
9250885
9250886
9250887
9250888
9250889
9250890
9250891
9250892
9250893
9250896
9250897
9250898
9250899
9250900
9250901
9250976
9250977
9250986
9251026
9251027
9251028
9251029
9251030
9251031
9251032
9260576
9439290
10878977
10878978
10878979
10878981
10878986
10878987
10878988
10878989
10878990
10878991
10878992
10878995
10878996
10878997
10879000
10879001
10879005
10879006
10879007
10879008
10879009
10879010
10879011
10879012
10879013
10879014
10879015
10879021
10879022
10879023
10879024
10879025
10879026
10879027
10879028
10879029
10879030
10879031
10879032
10879033
10879034
10879035
10879036
10879037
10879038
10879039
10879041
10879042
10879043
10879044
10879045
10879046
10879047
10879048
10879049
10879050
10879051
10879052
10879053
10879054
10879077
10879081
10879086
10879087
10879088
10879089
10879090
10879091
10879092
10879095
10879096
10879107
10879109
10879111
10879113
10879114
10879115
10879122
10879124
10879129
10879130
10879132
10879138
10879143
10879144
10879145
10879146
10879147
10879148
10879149
10879150
10879151
10879152
10879153
10879154
10879156
10879157
10879159
10879160
10879161
10879162
10879163
10879164
10879165
10879166
10879167
10879168
10879169
10879170
10879171
10879172
10879173
10879174
10879175
10879176
10879178
10879179
10879180
10879181
10879182
10879186
10879187
10879188
10879189
10879190
10879191
10879196
10879197
10879217
10879218
10879219
10879220
10879226
10879227
10879236
10879237
10879238
10944553
10944554
10944653
10944654
10944655
10944656
10944657
10944658
10944659
10944660
10944661
10944662
10944743
10944744
10944745
10944746
10944747
10944748
10944749
10944750
10944751
10944752
10944912
10944913
11010248
11010249
11010250
11010251
11010448
11010449
11010450
11010451
11010452
11010453
11010498
11010499
11010508
11010509
11010648
11010649
11010650
11010651
11010652
11010653
11010654
11010655
11010656
11010657
11010658
11010660
11010661
11010748
11010749
11010750
11010751
11010752
11010753
11010754
11010756
11010757
11010758
11010759
11010798
11010799
11010800
11010801
11010802
11010803
11010804
11010805
11010806
11010807
11011148
11011149
11011150
11011151
11142020
11337729
11337730
11337731
11337732
11337733
11337734
11337735
11337736
11337737
11337738
15663105
15663106
15663107
15663108
15663109
15663110
15663111
15663112
15663113
15663114
15663115
15663116
15663117
15663119
15663120
15663124
15663126
15663143
15663154
15663162
15663163
15663164
15663165
15663166
15663170
15663203
15663204
15663408
15663608
15663609
15663611
15663705
15663706
15663707
15663708
15663709
15663710
15663711
15663712
15663713
15663714
15663715
15663716
15663804
15664105
15664106
15664107
15664108
15664109
15664110
15664111
