9187554
9250569
9250570
9250571
9250572
9250573
9250575
9250676
9250677
9250678
9250679
9250680
9250681
9250682
9250683
9250684
9250685
9250686
9250687
9250688
9250689
9250690
9250691
9250692
9250878
9250879
9250880
9250881
9250882
9250883
9250884
9250885
9250886
9250887
9250888
9250889
9250890
9250891
9250892
9250893
9250896
9250897
9250898
9250899
9250900
9250901
9250976
9250977
9250986
9251026
9251027
9251028
9251029
9251030
9251031
9251032
9260576
10878977
10878978
10878979
10878981
10878986
10878987
10878988
10878989
10878990
10878991
10878992
10878995
10878996
10878997
10879000
10879001
10879005
10879006
10879007
10879008
10879009
10879010
10879011
10879012
10879013
10879014
10879015
10879021
10879022
10879023
10879024
10879025
10879026
10879027
10879028
10879029
10879030
10879031
10879032
10879033
10879034
10879035
10879036
10879037
10879038
10879039
10879041
10879042
10879043
10879044
10879045
10879046
10879047
10879048
10879049
10879050
10879051
10879052
10879053
10879054
10879077
10879081
10879086
10879087
10879088
10879089
10879090
10879091
10879092
10879095
10879096
10879107
10879109
10879111
10879113
10879114
10879115
10879122
10879124
10879129
10879130
10879132
10879138
10879143
10879144
10879145
10879146
10879147
10879148
10879149
10879150
10879151
10879152
10879153
10879154
10879156
10879157
10879159
10879160
10879161
10879162
10879163
10879164
10879165
10879166
10879167
10879168
10879169
10879170
10879171
10879172
10879173
10879174
10879175
10879176
10879178
10879179
10879180
10879181
10879182
10879186
10879187
10879188
10879189
10879190
10879191
10879196
10879197
10879217
10879218
10879219
10879220
10879226
10879227
10879236
10879237
10879238
10944553
10944554
10944643
10944644
10944645
10944646
10944647
10944648
10944649
10944650
10944651
10944652
10944653
10944654
10944655
10944656
10944657
10944658
10944659
10944660
10944661
10944662
10944912
10944913
11010248
11010249
11010250
11010251
11010448
11010449
11010450
11010451
11010452
11010453
11010498
11010499
11010508
11010509
11010648
11010649
11010650
11010651
11010652
11010653
11010654
11010655
11010656
11010657
11010658
11010660
11010661
11010748
11010749
11010750
11010751
11010752
11010753
11010754
11010756
11010757
11010758
11010759
11010798
11010799
11010800
11010801
11010802
11010803
11010804
11010805
11010806
11010807
11011148
11011149
11011150
11011151
11075684
11075685
11075686
11075687
11075694
11075695
11075696
11075697
11075704
11075705
11075706
11075707
11075714
11075715
11075716
11075717
11075724
11075725
11075726
11075727
11075734
11075735
11075736
11075737
11075744
11075754
11075764
11075774
11075784
11075794
11075804
11075814
11075824
11075834
11075844
11075854
11075864
11075874
11075884
11075894
11075904
11075914
11075924
11075934
11075944
11075954
11075964
11075974
11075984
11075994
11076004
11076014
11076015
11076016
11076024
11076034
11076044
11076054
11076064
11076074
11076084
11076094
11076104
11076114
11076124
11076134
11076144
11076154
11076164
11076174
11076184
11076194
11076204
11076214
11076224
11076234
11076284
11076294
11076304
11076305
11076306
11076344
11076345
11076684
11076685
11076686
11076687
11076694
11076695
11076696
11076697
11076704
11076705
11076706
11076707
11076714
11076715
11076716
11076717
11076724
11076725
11076726
11076727
11076734
11076735
11076736
11076737
11076744
11076754
11076764
11076774
11076784
11076794
11076804
11076814
11076824
11076834
11076854
11076864
11076874
11076884
11076894
11076914
11076924
11076934
11076944
11076954
11076984
11076994
11077004
11077014
11077015
11077016
11077024
11077034
11077044
11077054
11077084
11077094
11077104
11077114
11077124
11077134
11077144
11077154
11077164
11077174
11077184
11077214
11077224
11077234
11077344
11142020
11337729
11337730
11337731
11337732
11337733
11337734
11337735
11337736
11337737
11337738
52429800
52429900
52429901
52429902
52429903
52429904
52429905
52430000
52430001
52430100
52430200
52430201
52430202
52430300
52430400
52430401
52430402
65991
66003
66541
66547
68407
68409
68411
68413
68415
68417
68419
68420
68485
68487
68489
68491
68492
68493
68499
68500
68501
68502
68507
68509
68511
68513
68514
68515
71319
71320
71321
71323
71325
71327
71329
71331
71333
71335
71337
71339
71341
71343
71345
71347
71349
71351
71353
71355
71357
71359
71361
71363
71365
71366
71367
71369
71371
71373
71375
71377
71379
71381
71383
71385
71387
71389
71391
71393
71395
71397
71399
71401
71403
71405
71407
71409
71411
71413
71415
71417
71419
71421
71423
71425
71427
71429
71431
71433
71435
71437
71439
71441
71443
71445
71447
71449
71451
71453
71455
71457
71459
71461
71463
71465
71467
71469
71471
71473
71475
71477
71479
71481
71483
75583
75585
75587
75589
75591
75593
75595
75597
75599
75601
75603
75605
75607
75609
75611
75613
75615
75617
75619
75621
75623
75625
75627
75629
75631
75633
75635
75637
75639
75641
75643
75645
75647
75649
75651
75811
76379
76380
76381
76382
76383
76384
76385
76386
76387
76388
76389
76390
76391
76392
78627
78628
81729
81730
81731
81735
81739
81741
81743
81747
81749
81750
81751
81753
81755
81757
81759
81761
81763
81765
81766
81767
81769
81771
81772
81775
81777
81781
81783
81785
81787
81791
81793
81795
81797
81801
81803
81805
81806
81807
81808
81809
81811
81813
81815
81817
81819
81821
81822
82493
82495
82497
82499
82501
82503
82505
82507
82509
82511
82533
82535
82537
82539
